5.233584808466498761e-02 5.233584808466498761e-02 5.233584808466498761e-02 5.233584808466498761e-02 5.233584808466498761e-02 1.021514548281977214e-01 1.021514548281977214e-01 1.030476562879396735e-01 1.160399903161126456e-01 1.175758191749863013e-01
-2.684733148413991077e-02 1.505626158242706451e-02 1.505626158242706451e-02 2.419964418780486820e-02 2.419964418780486820e-02 2.419964418780486820e-02 2.419964418780486820e-02 6.408628806876578987e-02 6.408628806876578987e-02 6.408628806876578987e-02
9.216628506025509315e-02 9.216628506025509315e-02 9.216628506025509315e-02 9.216628506025509315e-02 1.382443514083745439e-01 1.382443514083745439e-01 1.382443514083745439e-01 2.056679804315980631e-01 2.056679804315980631e-01 2.056679804315980631e-01
-3.398564068688988971e-02 -3.398564068688988971e-02 -3.398564068688988971e-02 -3.398564068688988971e-02 -1.801541455006814771e-02 -1.801541455006814771e-02 -1.735094947138805799e-02 -1.735094947138805799e-02 -1.152835850003076576e-02 -1.152360403526384719e-02
-4.704691133591254459e-02 -6.497026308990441236e-03 -6.955644851485619186e-04 -6.955644851485619186e-04 -6.955644851485619186e-04 -6.955644851485619186e-04 -5.738975339602575988e-04 -5.738975339602575988e-04 -5.738975339602575988e-04 -5.738975339602575988e-04
1.099401484508341076e-01 1.100955903488778920e-01 1.255482072440440022e-01 1.394054789433612773e-01 1.851558921762685439e-01 1.851558921762685439e-01 1.851558921762685439e-01 1.851558921762685439e-01 1.851558921762685439e-01 1.851558921762685439e-01
-4.416581927059647361e-01 -4.416581927059647361e-01 -4.416581927059647361e-01 -4.205507135057857115e-01 -3.911723318716654463e-01 -3.861830527216821296e-01 -3.461050477071849762e-01 2.771620776639892036e-01 2.771620776639892036e-01 2.771620776639892036e-01
9.207532653618369367e-02 9.207532653618369367e-02 9.207532653618369367e-02 9.207532653618369367e-02 9.207532653618369367e-02 9.579895211196069738e-02 9.579895211196069738e-02 9.579895211196069738e-02 9.579895211196069738e-02 9.579895211196069738e-02
1.746596479210776320e-01 1.746596479210776320e-01 1.769160503491672420e-01 1.899147303753412619e-01 1.899147303753412619e-01 1.899147303753412619e-01 1.899147303753412619e-01 1.899147303753412619e-01 1.899147303753412619e-01 1.899147303753412619e-01
-2.652045082497888617e-01 -1.613764488408588882e-01 -1.260909947106563234e-01 -1.260909947106563234e-01 -1.260909947106563234e-01 -1.260909947106563234e-01 -1.260909947106563234e-01 -1.260909947106563234e-01 -1.187198261658844178e-01 -1.187198261658844178e-01
