-3.930733840382681643e-02 -3.780807769209210828e-02 -3.780807769209210828e-02 -3.780807769209210828e-02 -3.780807769209210828e-02 -3.780807769209210828e-02 -3.319273432003881641e-03 -3.319273432003881641e-03 1.164227176518243048e-02 4.245561208473994791e-02
-1.963500395935380838e-01 -1.963500395935380838e-01 -1.963500395935380838e-01 -1.769654680673184433e-01 -1.769654680673184433e-01 -1.769654680673184433e-01 -1.769654680673184433e-01 -1.711156962130010520e-02 -1.711156962130010520e-02 -1.035495555151131307e-02
-1.246378719774033084e-01 -1.246378719774033084e-01 -1.054398104380410151e-01 -1.054398104380410151e-01 -1.054398104380410151e-01 -1.054398104380410151e-01 -1.054398104380410151e-01 -1.054398104380410151e-01 -1.054398104380410151e-01 -1.054398104380410151e-01
4.647941837838708845e-01 4.647941837838708845e-01 4.647941837838708845e-01 5.959711580375917084e-01 5.959711580375917084e-01 5.959711580375917084e-01 5.959711580375917084e-01 5.959711580375917084e-01 5.959711580375917084e-01 5.959711580375917084e-01
-5.856795724550020038e-02 -5.856795724550020038e-02 -5.856795724550020038e-02 -5.856795724550020038e-02 -5.856795724550020038e-02 -5.856795724550020038e-02 -5.856795724550020038e-02 -5.856795724550020038e-02 -5.856795724550020038e-02 -5.856795724550020038e-02
-4.808462763308406912e-02 -4.808462763308406912e-02 -4.808462763308406912e-02 -2.001323589776961981e-02 -2.001323589776961981e-02 -2.001323589776961981e-02 -2.001323589776961981e-02 -2.001323589776961981e-02 -2.001323589776961981e-02 -4.244622398911435330e-04
-9.006996586940374527e-03 1.537390063802714785e-02 3.106974705962650338e-02 6.123206606038069516e-02 1.690735077882146997e-01 3.316230558511267246e-01 3.316230558511267246e-01 3.316230558511267246e-01 3.316230558511267246e-01 3.316230558511267246e-01
-6.455372068700934718e-02 -6.455372068700934718e-02 -6.455372068700934718e-02 -6.455372068700934718e-02 1.739050361305622197e-02 1.739050361305622197e-02 1.739050361305622197e-02 2.048687977215456896e-02 2.320351354715494141e-02 2.320351354715494141e-02
2.341506930457767366e-01 2.341506930457767366e-01 4.045143106816053158e-01 4.045143106816053158e-01 4.045143106816053158e-01 4.045143106816053158e-01 4.482420222831406398e-01 4.482420222831406398e-01 4.482420222831406398e-01 4.482420222831406398e-01
-1.438024146413226755e-02 -1.438024146413226755e-02 1.787550287239716706e-01 1.787550287239716706e-01 1.787550287239716706e-01 1.787550287239716706e-01 1.787550287239716706e-01 1.787550287239716706e-01 1.787550287239716706e-01 1.787550287239716706e-01
