-7.740019293642558251e-02 -7.322418984836538691e-02 -7.322418984836538691e-02 -7.322418984836538691e-02 -7.322418984836538691e-02 -7.322418984836538691e-02 -7.322418984836538691e-02 -7.322418984836538691e-02 -7.322418984836538691e-02 -7.322418984836538691e-02
3.946759529199919680e-01 3.946759529199919680e-01 3.946759529199919680e-01 3.946759529199919680e-01 3.946759529199919680e-01 3.946759529199919680e-01 3.946759529199919680e-01 3.946759529199919680e-01 3.946759529199919680e-01 3.946759529199919680e-01
-2.719886136482405070e-02 -7.280888721786863901e-03 -7.280888721786863901e-03 4.391855546453662940e-02 8.793126106602833225e-02 8.793126106602833225e-02 8.793126106602833225e-02 8.793126106602833225e-02 8.793126106602833225e-02 8.793126106602833225e-02
-8.747093546206835546e-02 -8.747093546206835546e-02 -8.747093546206835546e-02 -8.636006095800305427e-02 -7.629108248753771471e-02 -7.629108248753771471e-02 -7.629108248753771471e-02 -5.838973926953055366e-02 3.725026757306847125e-02 3.725026757306847125e-02
-4.593168942299274971e-02 -4.593168942299274971e-02 -4.593168942299274971e-02 -4.593168942299274971e-02 -4.593168942299274971e-02 -4.593168942299274971e-02 -4.593168942299274971e-02 -4.593168942299274971e-02 -4.573620429625643163e-02 -4.573620429625643163e-02
2.427274497793708696e-03 2.427274497793708696e-03 2.022096211206482821e-02 2.022096211206482821e-02 4.677723265808492875e-02 4.677723265808492875e-02 4.677723265808492875e-02 4.677723265808492875e-02 4.677723265808492875e-02 4.677723265808492875e-02
-2.749547396339370731e-01 -2.749547396339370731e-01 -2.588546456965274412e-01 -2.588546456965274412e-01 -2.588546456965274412e-01 -1.990258948964764851e-01 -1.804657010195901967e-01 -1.804657010195901967e-01 -1.804657010195901967e-01 -1.804657010195901967e-01
-2.173685252257407940e-01 -2.173685252257407940e-01 -2.173685252257407940e-01 -2.173685252257407940e-01 -2.173685252257407940e-01 -2.173685252257407940e-01 -1.470948343313190632e-01 2.675133862770494309e-02 2.675133862770494309e-02 2.675133862770494309e-02
1.119921033214823086e-01 1.119921033214823086e-01 1.119921033214823086e-01 1.119921033214823086e-01 1.119921033214823086e-01 1.364635890924416617e-01 1.495780884656519316e-01 1.495780884656519316e-01 1.495780884656519316e-01 1.495780884656519316e-01
-1.539185563927721219e-02 -1.326444882633164360e-02 -1.326444882633164360e-02 -1.326444882633164360e-02 2.587347216921033130e-02 2.587347216921033130e-02 2.587347216921033130e-02 2.587347216921033130e-02 2.587347216921033130e-02 2.587347216921033130e-02
