4.334767706050041136e-02 4.334767706050041136e-02 4.334767706050041136e-02 6.536556562376794055e-02 6.536556562376794055e-02 6.536556562376794055e-02 6.536556562376794055e-02 6.536556562376794055e-02 6.536556562376794055e-02 6.536556562376794055e-02
2.448171371722120404e-01 2.448171371722120404e-01 2.536270856011483277e-01 2.536270856011483277e-01 2.536270856011483277e-01 2.536270856011483277e-01 7.320603896282616985e-01 7.320603896282616985e-01 7.320603896282616985e-01 7.320603896282616985e-01
-7.054422061446241621e-02 -7.054422061446241621e-02 -6.032402825969212373e-02 -4.659396806053308498e-02 -4.659396806053308498e-02 -4.659396806053308498e-02 -4.659396806053308498e-02 -4.075060530615398635e-02 -4.075060530615398635e-02 -4.075060530615398635e-02
-2.654500797341359242e-01 -2.654500797341359242e-01 -2.531331828069480205e-01 -2.531331828069480205e-01 -2.531331828069480205e-01 -2.531331828069480205e-01 -2.531331828069480205e-01 -2.531331828069480205e-01 -2.531331828069480205e-01 -2.418686171632938309e-01
-2.259875255608282188e-02 -2.259875255608282188e-02 -2.259875255608282188e-02 -2.259875255608282188e-02 -2.259875255608282188e-02 -2.259875255608282188e-02 -2.036898098459002590e-02 -2.036898098459002590e-02 -2.036898098459002590e-02 -2.036898098459002590e-02
2.654929147791180721e-01 2.654929147791180721e-01 2.663274250739386950e-01 2.663274250739386950e-01 2.924389788797764900e-01 2.924389788797764900e-01 2.943605694510409987e-01 2.943605694510409987e-01 2.943605694510409987e-01 3.018376288910461502e-01
6.819120296578257134e-01 6.819120296578257134e-01 6.819120296578257134e-01 6.819120296578257134e-01 6.819120296578257134e-01 6.819120296578257134e-01 6.984435267098834110e-01 6.984435267098834110e-01 6.984435267098834110e-01 6.984435267098834110e-01
1.317753612337621838e-01 1.317753612337621838e-01 1.317753612337621838e-01 2.557916317773424320e-01 4.062156875444106752e-01 4.475266979584050508e-01 4.475266979584050508e-01 4.475266979584050508e-01 4.475266979584050508e-01 4.475266979584050508e-01
-4.967936871318170966e-01 -3.669899879667367082e-01 -3.669899879667367082e-01 -3.669899879667367082e-01 -3.652238469988911551e-01 -6.616807141953655325e-02 -6.356083196261573531e-02 -5.402827482808804371e-02 -5.402827482808804371e-02 -4.064089458678460387e-02
-1.137868245401505302e-01 -1.137868245401505302e-01 7.151693023411442689e-03 7.151693023411442689e-03 7.151693023411442689e-03 6.863005346065711998e-02 6.863005346065711998e-02 6.863005346065711998e-02 7.608135150288504456e-02 7.608135150288504456e-02
