-7.284620007052006185e-02 2.275218522574872226e-01 2.275218522574872226e-01 2.275218522574872226e-01 2.767122638937579149e-01 2.767122638937579149e-01 2.767122638937579149e-01 3.020281877693674066e-01 3.020281877693674066e-01 3.020281877693674066e-01
5.413633457316920777e-02 2.362511884358227121e-01 2.362511884358227121e-01 7.554845255299679208e-01 8.316784914072122836e-01 8.316784914072122836e-01 8.316784914072122836e-01 8.316784914072122836e-01 8.316784914072122836e-01 8.316784914072122836e-01
2.030583711633933974e-01 3.540490547333421945e-01 3.540490547333421945e-01 3.540490547333421945e-01 3.540490547333421945e-01 4.244660715013358621e-01 6.431260975888491993e-01 6.431260975888491993e-01 6.431260975888491993e-01 6.431260975888491993e-01
-4.766132482745510379e-01 -4.495522311510548596e-01 -3.859893407357624651e-01 -3.859893407357624651e-01 -3.065417232504524248e-01 -3.065417232504524248e-01 -3.065417232504524248e-01 -3.065417232504524248e-01 -3.065417232504524248e-01 -3.065417232504524248e-01
-1.569614131336145857e-02 -1.569614131336145857e-02 -5.758332046112949083e-03 1.510135894655406999e-02 1.510135894655406999e-02 1.510135894655406999e-02 1.510135894655406999e-02 1.510135894655406999e-02 1.510135894655406999e-02 1.510135894655406999e-02
5.854325909472651857e-02 5.854325909472651857e-02 5.854325909472651857e-02 5.854325909472651857e-02 5.854325909472651857e-02 5.854325909472651857e-02 5.854325909472651857e-02 5.854325909472651857e-02 5.854325909472651857e-02 5.854325909472651857e-02
7.844038891652137246e-02 7.844038891652137246e-02 1.125649176158724368e-01 1.125649176158724368e-01 1.125649176158724368e-01 1.125649176158724368e-01 1.125649176158724368e-01 1.125649176158724368e-01 1.125649176158724368e-01 1.125649176158724368e-01
3.627756379193244896e-02 3.642130448815370652e-02 3.642130448815370652e-02 4.549307967672291952e-02 4.549307967672291952e-02 4.549307967672291952e-02 4.549307967672291952e-02 4.549307967672291952e-02 4.549307967672291952e-02 4.549307967672291952e-02
1.646594564889495016e-01 1.646594564889495016e-01 2.049059688567651250e-01 2.049059688567651250e-01 2.049059688567651250e-01 2.049059688567651250e-01 2.049059688567651250e-01 2.049059688567651250e-01 2.049059688567651250e-01 2.049059688567651250e-01
-2.828400787201950650e-01 -2.828400787201950650e-01 -2.828400787201950650e-01 -2.828400787201950650e-01 -2.828400787201950650e-01 -2.828400787201950650e-01 -2.828400787201950650e-01 -2.828400787201950650e-01 -2.828400787201950650e-01 -2.828400787201950650e-01
