6.916159228993862262e-01 6.916159228993862262e-01 6.916159228993862262e-01 9.615159401376264237e-01 9.615159401376264237e-01 9.615159401376264237e-01 9.615159401376264237e-01 9.615159401376264237e-01 9.615159401376264237e-01 9.615159401376264237e-01
-2.162369315556557647e-01 -2.162369315556557647e-01 -2.162369315556557647e-01 -6.301777449096543360e-02 -4.601977347885413683e-02 -4.601977347885413683e-02 -3.985928421236431540e-02 -3.985928421236431540e-02 -3.985928421236431540e-02 -3.985928421236431540e-02
1.211486554393684939e-01 2.213665061874227624e-01 2.213665061874227624e-01 2.213665061874227624e-01 2.213665061874227624e-01 2.213665061874227624e-01 7.582820681637134630e-01 7.582820681637134630e-01 7.582820681637134630e-01 7.582820681637134630e-01
-6.608253734159916237e-02 -6.268714321656752853e-02 -6.268714321656752853e-02 -6.268714321656752853e-02 -6.268714321656752853e-02 -6.268714321656752853e-02 -6.268714321656752853e-02 -6.268714321656752853e-02 -6.268714321656752853e-02 -6.268714321656752853e-02
3.671806595496712178e-01 3.858125068606133024e-01 3.858125068606133024e-01 3.858125068606133024e-01 3.858125068606133024e-01 3.858125068606133024e-01 3.876400143330714365e-01 4.177647458931397773e-01 4.545345077700608249e-01 4.545345077700608249e-01
2.891212901371122967e-01 2.891212901371122967e-01 3.975545835853658283e-01 3.975545835853658283e-01 3.975545835853658283e-01 4.141273849252871120e-01 4.141273849252871120e-01 4.258563502396705558e-01 4.258563502396705558e-01 4.258563502396705558e-01
1.183775474890041757e+00 1.183775474890041757e+00 1.183775474890041757e+00 1.183775474890041757e+00 1.183775474890041757e+00 1.183775474890041757e+00 1.183775474890041757e+00 1.183775474890041757e+00 1.183775474890041757e+00 1.183775474890041757e+00
-2.485471970572390374e-02 -1.918004545097410848e-02 9.332496514415183214e-03 9.332496514415183214e-03 9.332496514415183214e-03 9.332496514415183214e-03 9.332496514415183214e-03 9.332496514415183214e-03 9.332496514415183214e-03 9.332496514415183214e-03
2.771697060255579048e-01 2.771697060255579048e-01 2.961967877168548147e-01 2.961967877168548147e-01 2.961967877168548147e-01 2.961967877168548147e-01 2.961967877168548147e-01 2.961967877168548147e-01 2.961967877168548147e-01 3.344819732743309348e-01
8.407822192949073736e-01 1.211205420862879301e+00 1.211205420862879301e+00 1.211205420862879301e+00 1.211205420862879301e+00 1.211205420862879301e+00 1.211205420862879301e+00 1.211205420862879301e+00 1.211205420862879301e+00 1.211205420862879301e+00
